ID,prob_y_pred
576,0.9786755521641585
1996,0.9717197877567835
286,0.9651547046574555
3284,0.9611337157088331
3916,0.9586377917184838
89,0.9585341874902159
2622,0.9538392624457269
572,0.9501753021220325
2863,0.9474091509347615
632,0.9472974335766081
92,0.9466719690282832
1034,0.9455103654727968
1930,0.9447190763348793
3093,0.9435008720860453
3084,0.9430561145823636
3483,0.9427578674368485
1054,0.9424178452094276
848,0.9372399287064359
2858,0.9344018806089774
3355,0.9314268725363505
3008,0.929473841457595
365,0.9294103941075077
3348,0.9272689223729546
2516,0.9272689223729546
3013,0.9261792668005646
2076,0.9258508868758233
3810,0.925300712998111
1499,0.9228385126289573
2799,0.922688312047727
2511,0.922688312047727
1703,0.922641188361929
3019,0.9215263538858426
1468,0.9201092446411439
918,0.9200936298552276
2113,0.9191243145102291
2417,0.9191243145102291
2635,0.9189747233120483
2679,0.9174203078264276
1243,0.9166368596434081
2844,0.9166368596434081
166,0.9166368596434081
399,0.9165146263243902
3911,0.9159530845942182
3801,0.915007150883491
3330,0.9141727606164008
2303,0.9141618355741151
3139,0.9120541898922817
515,0.9111287359978498
145,0.9105885412884646
3427,0.9100542892821057
2828,0.9097259143449139
945,0.9090529761186562
2749,0.9090529761186562
2123,0.9089443899385877
1107,0.9087675793253266
1352,0.9086076499288641
292,0.9078359034243865
1691,0.907635907319404
210,0.9044864285002773
2043,0.9037836330781985
85,0.9037836330781985
818,0.9036690326433023
1931,0.9033869536597133
2803,0.9029330111995245
3030,0.9025376628545704
44,0.9021458741555834
1528,0.9020304969079721
2136,0.9020183719542642
2162,0.9012746626124163
3504,0.90107552823736
3500,0.9009446497958382
2,0.9008880197765199
2048,0.9003402452659113
2836,0.8999190146578299
1403,0.8991154663505978
2391,0.8985986241794495
3250,0.8978974454440107
993,0.8970103821249484
3727,0.8968103267646576
1968,0.895844850951806
369,0.8957246489103261
1712,0.8945048981439996
1029,0.8918810213675381
2930,0.8908438576860713
353,0.8908438576860713
639,0.8906250080321754
1070,0.8899501506877515
829,0.889117253745218
2443,0.8890309107965011
2092,0.8888989703372199
1253,0.8888989703372199
1272,0.8888334438780208
762,0.888040627783089
2668,0.8878009255209589
1820,0.8874677329143484
1590,0.8874120254578097
3282,0.8872416377291482
2945,0.8871083407977637
3321,0.8866298841567688
1163,0.8860688202783207
354,0.8860304352808815
1146,0.8855628981801356
3705,0.8850469253230755
1418,0.8849513127251921
1880,0.8848194183716208
3746,0.8847012209333803
2907,0.8840258140630813
775,0.8828267725511975
3604,0.8826634895006046
1385,0.8826634895006046
675,0.881333353545113
1430,0.8802950890891176
2165,0.8801458945825832
1563,0.8800631051809639
1835,0.8798635439695975
3388,0.8797058404643685
502,0.8797058404643685
151,0.8797058404643685
2541,0.8795017212222893
1334,0.8789509205162336
2711,0.8779761287094171
2986,0.8773628671656174
1952,0.87672599460014
3678,0.8752431816577722
3056,0.8750912019946704
1160,0.8747826386600944
2855,0.8747695470281507
3961,0.8747414479215349
596,0.8746901577728263
297,0.8745030063735992
2108,0.874469758643746
3747,0.8741171586059316
753,0.8741171586059316
2133,0.8733028474086535
52,0.8727178153487144
3616,0.8717700789019339
3011,0.8695171472163734
3294,0.8693257690161941
114,0.8689484506965443
3468,0.8687592939888424
3673,0.8671350162527413
1665,0.8663502420828261
2534,0.8657743897098087
2718,0.8648048225799386
3026,0.8635469950241316
3492,0.8622126812770629
3984,0.8616797447905802
2660,0.8605734309788091
1086,0.859942866391474
3919,0.8595874519727995
1865,0.8594692483927359
707,0.8591769577216065
2119,0.8591769577216065
815,0.8589587299974492
3832,0.8573577308763509
2155,0.8572319168181187
401,0.8571328668305224
1635,0.8563524548650192
866,0.8552948226224201
3794,0.8542337750818354
915,0.8541472701188466
834,0.8541472701188466
1506,0.8537016901625569
3077,0.8516954073042208
1269,0.8504397080088104
57,0.8501081968007419
1469,0.8498936773582086
3662,0.8496683668393783
998,0.8495053739508499
341,0.8485478981430595
2682,0.8485324974290003
466,0.8478209626114166
932,0.8476984842182171
3405,0.8473757836795819
2389,0.8472531314079705
230,0.8471786074440113
1642,0.8471786074440113
3337,0.845784362005705
2469,0.845208207093424
2134,0.8448110464680042
3456,0.8443494230078089
3234,0.8435523397333776
2347,0.8434181660427553
1706,0.8430411706434598
1586,0.8429744713113623
736,0.8426666590605344
470,0.842537318950255
3676,0.842537318950255
1607,0.842537318950255
1051,0.8417217938868004
3866,0.8415548907634848
2982,0.8412233679778532
1967,0.8412115879929453
687,0.8409857406446533
1660,0.8408707727693294
1207,0.840297951951536
969,0.8402774712809915
2633,0.839765975660688
601,0.839169611806966
362,0.8383384983829765
758,0.8383384983829765
2085,0.8374116711063703
442,0.8372778163407087
1723,0.836901322545217
203,0.8366264440591383
352,0.8363151474513119
2588,0.8355368285370377
2335,0.8351544569572418
2881,0.8350338469172599
948,0.8342257653703825
219,0.8332314429218857
3736,0.8328104216213102
1690,0.832427042082593
2872,0.8322457761082536
3922,0.8312003748375879
1594,0.8308454894755753
982,0.8308395862106934
2241,0.83051183163352
2425,0.8303799574414689
3125,0.8298892185395924
489,0.8294065061098403
199,0.8276898873777055
3099,0.8268676165859576
1254,0.8264140327892163
2775,0.8263943455449372
1502,0.8247385266262236
1351,0.8244647800518159
2250,0.8236522392541723
3890,0.8234401169530297
1906,0.8234401169530297
1016,0.8234401169530297
3837,0.8227519295539173
2793,0.8221694252057874
1188,0.8221694252057874
2894,0.8217111323413542
3029,0.8216254285655753
747,0.820936900694477
2156,0.8208297405575983
12,0.8196223812833142
103,0.8194361924981327
2217,0.8191126890966957
1292,0.818971451305078
1022,0.8183009973417151
43,0.817749883253229
3260,0.817703118521325
116,0.8174989950425261
729,0.8171335482209671
1118,0.8171267648295006
2896,0.8166284626775479
459,0.8165844843264588
322,0.8165068215080244
2623,0.8162498500319019
2738,0.8161588661163081
2275,0.8152283895575005
1011,0.813941992190195
227,0.8134449340635455
2018,0.8133821486101691
3841,0.8130516873938675
2804,0.8130345305337564
2466,0.8124292051337406
3883,0.8122090410671772
2017,0.8114590269239507
2369,0.8112902940756871
2147,0.8112902940756871
2798,0.8110144353452698
191,0.8102041180016989
2762,0.8100009937433569
1121,0.8099144328301572
331,0.8094337165350132
3451,0.8088188348715054
1305,0.8086698295055316
141,0.8085133805943083
3863,0.8085133805943083
1032,0.8083136699125381
3329,0.8072708207268136
3895,0.8071184395673343
960,0.8048284140805688
2786,0.8042305522824249
163,0.8039916060163982
578,0.8039826646259357
244,0.8038938915145646
1897,0.8038883152405283
946,0.8035388794063827
1811,0.8031971708815827
1247,0.8023651845551486
649,0.801416023941662
1297,0.8008640431965892
1524,0.7998157063142448
3111,0.799450703888897
913,0.7969048852718231
540,0.7963613110962913
1684,0.7958915526850858
3594,0.7958915526850858
602,0.7953548889526914
1764,0.7951480115220896
3975,0.7951480115220896
2501,0.7945247871547451
1657,0.7943602762836544
2697,0.7939721254750163
313,0.7939721254750163
280,0.7937550922386166
1637,0.7932851420671881
285,0.7920987234728223
3903,0.7920987234728223
3193,0.7920678456137921
790,0.7919949324010159
2311,0.7913376177142717
1613,0.7907804218063808
381,0.7900779578825675
3670,0.7900065251534146
1175,0.789091155094287
1122,0.7883927922635954
2449,0.7883506359400082
1649,0.7883506359400082
641,0.7882594257335089
2112,0.7876854738052993
2900,0.787483255778964
2657,0.787483255778964
519,0.7871988226176468
3748,0.787148338165329
695,0.787148338165329
1717,0.7864406096279841
828,0.7861290464406997
3476,0.7855636985161915
3512,0.7855445053497537
1938,0.785440599606313
1514,0.7852560690314787
1711,0.7851863056115382
3210,0.7851644105293283
1452,0.7849693333458944
1779,0.7847811226950765
3534,0.7847811226950765
2296,0.7844026045269372
211,0.7843547984670154
3292,0.7843476864258286
3473,0.7843476864258286
443,0.7842558057247715
2868,0.7842293862607858
1979,0.7838702478120119
1916,0.7829648668441285
1258,0.7829189365510398
1686,0.7825670884655693
1787,0.7823089590452899
1413,0.782181647243288
2768,0.7820719562552587
1186,0.7818351552981655
3773,0.7814504581647665
2227,0.7813011890924566
3658,0.7810204685818265
3795,0.7806213761022583
3987,0.7804734534966458
615,0.7801487220011293
177,0.7796124159225536
271,0.7795042188338398
2719,0.7794987006603018
2023,0.7791084791017236
2392,0.7790675666314202
1671,0.7788002676007663
2033,0.7785636916073653
2091,0.7783569043154446
879,0.7781329543110369
2387,0.7774636690945029
3354,0.7766898963087434
3526,0.7764691871313555
1101,0.7764203779898691
660,0.7764203779898691
3460,0.7757095629948935
3419,0.7755294530265671
1411,0.7751319662276341
1799,0.7746521280967094
2980,0.7745476013806779
2215,0.7732532750834535
2479,0.7732532750834535
3137,0.7730882226517075
3302,0.77304626600783
2830,0.7721393473990739
575,0.7711262026737995
1224,0.7710699005831946
2898,0.7709987438253442
113,0.7709597843405486
2380,0.770586118949697
3603,0.7702716533992818
789,0.7702639368589937
2854,0.7702639368589937
411,0.7695041869149304
797,0.7676810072545271
2001,0.7671515378106017
1874,0.7671184315223434
3182,0.7670431437792417
1384,0.7669837163260619
1913,0.7659989012796307
374,0.7659827834157271
1519,0.7659260818039721
1392,0.7655897887490681
2897,0.7655079443415791
910,0.7655079443415791
843,0.7654715471763608
3264,0.7654158760271156
3231,0.7652403920933729
1501,0.7650296169140941
1402,0.7649087434665361
3792,0.7638279678524658
579,0.7637803138436049
3590,0.7623829531176721
2728,0.7622427838802249
165,0.7622427838802249
3069,0.7622364597636664
1271,0.7619438892578293
3570,0.7616688983637713
3914,0.7616285858899007
1847,0.7599170624316118
2220,0.759371912591312
3868,0.759371912591312
1550,0.7590105169407324
3915,0.7585242678537417
3650,0.7583891248526209
3016,0.7581798763333831
2166,0.7578106368493351
2524,0.7573270341568391
542,0.7572033231614438
2200,0.7569125839303381
3610,0.7564273991180677
3404,0.7560086583722346
3412,0.7558064298669054
3778,0.7557224283398793
1715,0.7557224283398793
3701,0.7557224283398793
2395,0.7554252238597992
1826,0.7548968749866093
2771,0.7547979582535865
2629,0.7538241534377159
2089,0.7534016336691229
1959,0.7530394751719004
3907,0.7524505730527155
2562,0.7518779965518806
2371,0.7516371417687929
3304,0.750969084721888
1970,0.750969084721888
306,0.7507439512274068
3519,0.7506263693032015
3843,0.7506263693032015
2463,0.7504549309446337
3584,0.7498789316664927
2654,0.748652973596039
2316,0.7480300870798963
3323,0.7477852953732804
3199,0.7473368149206341
3563,0.7468958797750657
359,0.746858688088637
1933,0.7466246718321858
3132,0.7457887556231602
549,0.7454718045508111
2404,0.7453974386349047
3834,0.74484459310492
627,0.744807219026294
2561,0.7444513372780835
2364,0.7443554252574232
719,0.744046564760017
3229,0.7438067095626737
232,0.7437214546361615
2663,0.7429786902192549
2740,0.7429626564819827
573,0.742407196860504
3325,0.742407196860504
2486,0.7423665945110944
1328,0.7423665945110944
21,0.7414111696229388
1641,0.7412837473046973
1509,0.7408685093676738
867,0.7408133971789389
1437,0.7405272751741943
2903,0.7403042512258929
3267,0.739503046086127
787,0.739503046086127
3207,0.7393163966896188
1739,0.7392564885035485
3062,0.7385979332026565
3446,0.7385979332026565
2545,0.7380408969169677
836,0.7380408969169677
2477,0.7376940099285627
670,0.7373640301047458
3558,0.737323613639831
3602,0.7370293914478775
3194,0.7364381629204161
1394,0.7363601285803503
14,0.7357707987296052
3645,0.7354819357521585
3154,0.7353522610053342
3893,0.7350326046749
1986,0.7349899401412949
3713,0.7348067449521071
53,0.7346850167448
1114,0.7346759702854143
480,0.7332800930692099
1234,0.7332800930692099
571,0.7330665263479387
133,0.7330665263479387
811,0.7330665263479387
3390,0.7330665263479387
1628,0.7327885185299874
2240,0.7325210685852
1736,0.7323707670704169
396,0.7323021951792169
3605,0.7319232324328712
1824,0.7318281028866348
1145,0.7313791593614292
255,0.731236182240502
3481,0.7308504586972522
2310,0.730795537680467
1436,0.7306452290126294
1896,0.7306452290126294
3075,0.7302916524619616
2042,0.7298740975906468
2141,0.7295817871876623
1007,0.7295817871876623
737,0.7293572602029358
2674,0.728941956705456
1312,0.7288350085721613
2731,0.7286688226070389
1883,0.7280401083637793
370,0.7280356869927724
1354,0.7279143728093852
2140,0.7278177590119927
1546,0.7277377510719014
658,0.7277377510719014
1875,0.7277377510719014
2082,0.7275938444464747
1576,0.7275100835085372
3920,0.7259574311741459
2006,0.7257182699156717
1966,0.7254458083531076
3840,0.7253114787596932
810,0.7253114787596932
2390,0.7247830017772758
3704,0.7247484928530912
1401,0.7245182912581681
3469,0.7244981746922138
3624,0.7237957412021632
1796,0.7231951798592356
2172,0.7231737748818894
3957,0.7231737748818894
1917,0.7231737748818894
321,0.7223367767097857
3373,0.7219619095085622
1170,0.7218315944081607
279,0.7218315944081607
1183,0.7218315944081607
2865,0.7218315944081607
1909,0.721045056082389
1367,0.7209788081957335
2194,0.7190361079475068
863,0.71902439182836
3986,0.7174881679907561
1661,0.7172610746044199
2992,0.7170932751373414
3136,0.7163608112673844
3017,0.7159725035528894
2759,0.7157768086642196
2493,0.7147226366362275
3190,0.714658064769894
2353,0.7145722918189863
2059,0.7145722918189863
3996,0.7145722918189863
1911,0.7145020515707725
856,0.7143168748835059
2870,0.713988096070855
2626,0.713988096070855
1368,0.7136452650816074
1971,0.7135618706463842
1471,0.7133016673737382
2269,0.7132978979175385
1406,0.7131096058768374
78,0.7126105789088124
3365,0.7121097909790229
1538,0.7104430650272825
3544,0.7103908702709013
1088,0.7100146423775686
1610,0.7088616787722606
1793,0.7088045657224624
1852,0.707723393334141
567,0.7073024606496557
988,0.706905293083612
1573,0.706905293083612
1695,0.7056384618982805
2073,0.7055135284561158
266,0.7051177824948441
1568,0.7048064376039285
3297,0.7045417789388025
2328,0.7039460381314337
717,0.7039454132440708
991,0.7027242011736291
2866,0.7027242011736291
3415,0.702599193195557
2770,0.7024055714200634
3614,0.7016538331714665
1005,0.7014482162891957
2032,0.7012348426361984
465,0.7010582399352967
167,0.7007116423465587
2652,0.7004227842261596
1238,0.7003572292400584
3743,0.7000732103178701
1876,0.7000082523405066
696,0.6999858847527713
2253,0.6994983755141089
2239,0.6986826712659382
966,0.6985128127651189
920,0.6985128127651189
1106,0.6984929549876698
2365,0.6970757460876731
2522,0.6968713924270566
3579,0.6968701561030824
1702,0.696686670209369
17,0.6966583244657765
3254,0.6964541233899869
552,0.6962418365270141
3698,0.6960620691481735
2267,0.6960014972946146
629,0.6946638330372213
2274,0.6943153610169048
2504,0.6938015287049
2734,0.6934545284777901
2661,0.6929431513534743
1288,0.692387767401565
2892,0.6920177986244538
2714,0.6915902756643337
3189,0.6913844308852773
3885,0.6905929993956884
2638,0.6903051565718414
3382,0.6900679544520946
2326,0.6896206133140432
3192,0.6896169854963957
3202,0.6887776498165196
320,0.6885518265237538
3081,0.6869514014674141
1673,0.6867583155853444
311,0.6865218855761183
1324,0.6863753265592416
2574,0.686252090158367
2962,0.6859513837013071
1381,0.6854542936510319
1447,0.685217596627971
3913,0.685013083355307
260,0.684824525601442
10,0.6845924176100684
1859,0.683939184229816
1965,0.6838841487060386
652,0.6838336731284016
2613,0.6834919857873897
3652,0.6831348082682469
422,0.6831348082682469
2453,0.6830531203816088
1523,0.6830246088841919
1513,0.6828097217697259
634,0.6827122410438872
3976,0.6825529316650305
2935,0.6821307588157003
2025,0.6813699636367747
3784,0.6813097271126964
3649,0.6811580838920955
3485,0.6811184621616077
276,0.680496023131837
732,0.6803495545757368
3379,0.680202207068702
1154,0.6795922661777769
2576,0.6793248639759734
1479,0.6792392587961372
265,0.6792016177665277
2276,0.6790619171129877
3240,0.6784890398627174
1791,0.6783359152482444
3974,0.67830651673007
2592,0.6780140357221129
2171,0.6778122975871627
2019,0.6777579850178742
3221,0.6768097343478164
1047,0.6767013580071013
2426,0.6764207362211838
3366,0.676357511387925
3981,0.6760134174155161
1772,0.6756533856161898
1882,0.6754937955191002
50,0.6754627972086059
3034,0.6752117142689638
1786,0.6751660117834186
1898,0.6750961343473512
702,0.6727373377628969
3,0.6713845404944946
2205,0.6710198184230457
904,0.6709188075374554
2810,0.6695570093025737
3950,0.6692613555126189
406,0.6685588085602798
2071,0.6680110477781384
1907,0.6669576316031355
2839,0.6667365311780863
2129,0.6666505853563628
1822,0.6661860383240976
1518,0.6661488547838128
446,0.6661488547838128
3378,0.6661468821149051
1631,0.6661468821149051
3636,0.6658532213871228
1180,0.665649713354118
1579,0.6655956029350882
2150,0.6655331762532465
812,0.6653203262873651
2409,0.6653203262873651
462,0.6650236714729657
247,0.6648569717680798
2078,0.6644856010722778
1200,0.6644856010722778
347,0.6644510358204232
3561,0.6642544845204705
2789,0.6641528829087442
521,0.6637001774482657
213,0.6634058152180291
2704,0.6633715236763446
342,0.6633248606174611
1166,0.6630406696071041
3811,0.6630012804573567
3806,0.662388840310441
1096,0.6618528333318808
1138,0.6615243025238847
1350,0.660011083286228
1622,0.6588198173607467
2846,0.6582418473680463
3151,0.6580401825754236
1998,0.6579856797076403
45,0.6578194187637691
259,0.6575919707551531
516,0.6575823376930328
1329,0.6574809600078192
2257,0.6562911794343699
2122,0.6560572527936411
3619,0.6559878764399323
3414,0.6558704252029608
345,0.6555674308720177
2824,0.6547663284504552
171,0.6545379674989206
2956,0.6544048059806975
3347,0.653273899930086
2247,0.6532509809429817
1767,0.6528431165364026
3088,0.6525972558532703
3892,0.6518973380210303
1097,0.6518161441714025
2083,0.6511948662262982
2560,0.6511263638632838
2149,0.651095388637321
2649,0.651036933447482
964,0.6509138275933182
1039,0.6504927156280338
2454,0.6499234144193172
2451,0.6499234144193172
2094,0.6496481637931252
3097,0.6490976668527143
3731,0.6490858116267328
382,0.6490603425977355
3273,0.6489331820449202
1955,0.6484708970976042
2556,0.6483603389221048
943,0.6483603389221048
1090,0.6483603389221048
123,0.648351107979818
922,0.6481427569453093
366,0.6473859542179636
2341,0.6473859542179636
3682,0.6472908381213378
1250,0.6464746614639172
1841,0.6457331278514363
1465,0.6455471934754659
18,0.6454644577587276
2831,0.6454144365695216
3717,0.6451581467179389
3363,0.6448482541937945
1939,0.6445052963039808
3998,0.6442845094440491
3852,0.644094925184701
1740,0.6439458086709394
2713,0.6438907007149264
1861,0.6434521114452475
685,0.6433795680667903
1732,0.6431343884663346
1886,0.6429970198176067
3729,0.6427446498862984
499,0.6426275347821832
1308,0.6413679042492945
2471,0.6410511003934151
2746,0.6405328828013165
3112,0.6403496325642271
64,0.6402492793304182
69,0.6402492793304182
41,0.6394209040950728
2277,0.6394209040950728
3001,0.6394189442996793
3872,0.6389689040859099
3901,0.6388126127831226
3904,0.6388126127831226
