ID
576
1996
286
3284
3916
89
2622
572
2863
632
92
1034
1930
3093
3084
3483
1054
848
2858
3355
3008
365
3348
2516
3013
2076
3810
1499
2799
2511
1703
3019
1468
918
2113
2417
2635
2679
1243
2844
166
399
3911
3801
3330
2303
3139
515
145
3427
2828
945
2749
2123
1107
1352
292
1691
210
2043
85
818
1931
2803
3030
44
1528
2136
2162
3504
3500
2
2048
2836
1403
2391
3250
993
3727
1968
369
1712
1029
2930
353
639
1070
829
2443
2092
1253
1272
762
2668
1820
1590
3282
2945
3321
1163
354
1146
3705
1418
1880
3746
2907
775
3604
1385
675
1430
2165
1563
1835
3388
502
151
2541
1334
2711
2986
1952
3678
3056
1160
2855
3961
596
297
2108
3747
753
2133
52
3616
3011
3294
114
3468
3673
1665
2534
2718
3026
3492
3984
2660
1086
3919
1865
707
2119
815
3832
2155
401
1635
866
3794
915
834
1506
3077
1269
57
1469
3662
998
341
2682
466
932
3405
2389
230
1642
3337
2469
2134
3456
3234
2347
1706
1586
736
470
3676
1607
1051
3866
2982
1967
687
1660
1207
969
2633
601
362
758
2085
442
1723
203
352
2588
2335
2881
948
219
3736
1690
2872
3922
1594
982
2241
2425
3125
489
199
3099
1254
2775
1502
1351
2250
3890
1906
1016
3837
2793
1188
2894
3029
747
2156
12
103
2217
1292
1022
43
3260
116
729
1118
2896
459
322
2623
2738
2275
1011
227
2018
3841
2804
2466
3883
2017
2369
2147
2798
191
2762
1121
331
3451
1305
141
3863
1032
3329
3895
960
2786
163
578
244
1897
946
1811
1247
649
1297
1524
3111
913
540
1684
3594
602
1764
3975
2501
1657
2697
313
280
1637
285
3903
3193
790
2311
1613
381
3670
1175
1122
2449
1649
641
2112
2900
2657
519
3748
695
1717
828
3476
3512
1938
1514
1711
3210
1452
1779
3534
2296
211
3292
3473
443
2868
1979
1916
1258
1686
1787
1413
2768
1186
3773
2227
3658
3795
3987
615
177
271
2719
2023
2392
1671
2033
2091
879
2387
3354
3526
1101
660
3460
3419
1411
1799
2980
2215
2479
3137
3302
2830
575
1224
2898
113
2380
3603
789
2854
411
797
2001
1874
3182
1384
1913
374
1519
1392
2897
910
843
3264
3231
1501
1402
3792
579
3590
2728
165
3069
1271
3570
3914
1847
2220
3868
1550
3915
3650
3016
2166
2524
542
2200
3610
3404
3412
3778
1715
3701
2395
1826
2771
2629
2089
1959
3907
2562
2371
3304
1970
306
3519
3843
2463
3584
2654
2316
3323
3199
3563
359
1933
3132
549
2404
3834
627
2561
2364
719
3229
232
2663
2740
573
3325
2486
1328
21
1641
1509
867
1437
2903
3267
787
3207
1739
3062
3446
2545
836
2477
670
3558
3602
3194
1394
14
3645
3154
3893
1986
3713
53
1114
480
1234
571
133
811
3390
1628
2240
1736
396
3605
1824
1145
255
3481
2310
1436
1896
3075
2042
2141
1007
737
2674
1312
2731
1883
370
1354
2140
1546
658
1875
2082
1576
3920
2006
1966
3840
810
2390
3704
1401
3469
3624
1796
2172
3957
1917
321
3373
1170
279
1183
2865
1909
1367
2194
863
3986
1661
2992
3136
3017
2759
2493
3190
2353
2059
3996
1911
856
2870
2626
1368
1971
1471
2269
1406
78
3365
1538
3544
1088
1610
1793
1852
567
988
1573
1695
2073
266
1568
3297
2328
717
991
2866
3415
2770
3614
1005
2032
465
167
2652
1238
3743
1876
696
2253
2239
966
920
1106
2365
2522
3579
1702
17
3254
552
3698
2267
629
2274
2504
2734
2661
1288
2892
2714
3189
3885
2638
3382
2326
3192
3202
320
3081
1673
311
1324
2574
2962
1381
1447
3913
260
10
1859
1965
652
2613
3652
422
2453
1523
1513
634
3976
2935
2025
3784
3649
3485
276
732
3379
1154
2576
1479
265
2276
3240
1791
3974
2592
2171
2019
3221
1047
2426
3366
3981
1772
1882
50
3034
1786
1898
702
3
2205
904
2810
3950
406
2071
1907
2839
2129
1822
1518
446
3378
1631
3636
1180
1579
2150
812
2409
462
247
2078
1200
347
3561
2789
521
213
2704
342
1166
3811
3806
1096
1138
1350
1622
2846
3151
1998
45
259
516
1329
2257
2122
3619
3414
345
2824
171
2956
3347
2247
1767
3088
3892
1097
2083
2560
2149
2649
964
1039
2454
2451
2094
3097
3731
382
3273
1955
2556
943
1090
123
922
366
2341
3682
1250
1841
1465
18
2831
3717
3363
1939
3998
3852
1740
2713
1861
685
1732
1886
3729
499
1308
2471
2746
3112
64
69
41
2277
3001
3872
3901
3904
